0 0.18984375 0.40859375 0.1578125 0.2953125
0 0.40859375 0.490625 0.18359375 0.32109375
0 0.59609375 0.2484375 0.14453125 0.18125
0 0.8 0.41015625 0.13203125 0.14765625
0 0.98046875 0.2265625 0.03828125 0.16796875
0 0.334375 0.778125 0.0671875 0.0765625
0 0.5671875 0.91640625 0.10078125 0.0890625
0 0.7578125 0.709375 0.13515625 0.1640625
0 0.96328125 0.9109375 0.0734375 0.10703125
0 0.690625 0.809375 0.1546875 0.096875
0 0.73671875 0.93125 0.0796875 0.13671875
0 0.3625 0.9609375 0.0296875 0.04296875
0 0.1671875 0.9484375 0.02421875 0.03125
0 0.04140625 0.98203125 0.040625 0.0359375