0 0.0734375 0.3546875 0.02890625 0.04453125
0 0.14140625 0.37109375 0.03046875 0.03984375
0 0.2078125 0.38203125 0.02578125 0.03203125
0 0.29609375 0.3984375 0.02421875 0.040625
0 0.41796875 0.39375 0.02890625 0.0359375
0 0.46015625 0.5125 0.02578125 0.03203125
0 0.53125 0.41171875 0.021875 0.02734375
0 0.5734375 0.49609375 0.02109375 0.03359375
0 0.60859375 0.48125 0.0265625 0.03359375
0 0.65390625 0.4203125 0.021875 0.03203125
0 0.6671875 0.45625 0.01796875 0.03203125
0 0.740625 0.4515625 0.01875 0.03046875