0 0.315625 0.24296875 0.053125 0.02265625
0 0.5875 0.08828125 0.0234375 0.0265625
0 0.41015625 0.26875 0.02890625 0.021875
0 0.34765625 0.2859375 0.021875 0.01171875
0 0.375 0.309375 0.0109375 0.015625
0 0.55625 0.1203125 0.02734375 0.02578125
0 0.446875 0.16796875 0.0203125 0.01796875
0 0.42890625 0.178125 0.02734375 0.01171875
0 0.60078125 0.2296875 0.11328125 0.059375
0 0.5421875 0.2984375 0.0421875 0.015625
0 0.4984375 0.3171875 0.0203125 0.015625
0 0.46875 0.2171875 0.03125 0.021875
0 0.43359375 0.240625 0.021875 0.015625
0 0.47734375 0.24296875 0.02578125 0.015625
0 0.51875 0.2265625 0.021875 0.01953125
0 0.54375 0.14765625 0.02734375 0.02421875
0 0.6703125 0.22265625 0.021875 0.02578125
0 0.8296875 0.8859375 0.0125 0.01171875
0 0.68515625 0.9015625 0.01796875 0.01484375
0 0.71796875 0.896875 0.01796875 0.01171875
0 0.8 0.884375 0.01796875 0.015625
0 0.75703125 0.89296875 0.0234375 0.015625
0 0.7703125 0.88515625 0.02578125 0.015625
0 0.7890625 0.89609375 0.021875 0.01796875