0 0.18828125 0.26328125 0.1421875 0.15703125
0 0.36875 0.17109375 0.17421875 0.0625
0 0.553125 0.275 0.0875 0.090625
0 0.8796875 0.39375 0.10859375 0.11640625
0 0.94921875 0.5515625 0.1015625 0.08125
0 0.084375 0.60078125 0.159375 0.09453125
0 0.38515625 0.5171875 0.06484375 0.103125
0 0.49296875 0.50625 0.08984375 0.1078125
0 0.35 0.71171875 0.075 0.1078125
0 0.1734375 0.9375 0.121875 0.090625
0 0.44375 0.61953125 0.05859375 0.1109375
0 0.5703125 0.8609375 0.0671875 0.0875
0 0.7015625 0.83359375 0.1046875 0.06171875
0 0.69296875 0.91171875 0.07578125 0.05859375
0 0.8984375 0.93984375 0.0796875 0.04296875