0 0.24765625 0.55703125 0.0328125 0.06640625
0 0.34453125 0.55625 0.03671875 0.05859375
0 0.303125 0.4421875 0.0234375 0.065625
0 0.45703125 0.55703125 0.0234375 0.05546875
0 0.534375 0.55546875 0.03046875 0.05234375
0 0.5828125 0.58046875 0.0296875 0.06328125
0 0.671875 0.58359375 0.025 0.07421875
0 0.8140625 0.55234375 0.03203125 0.07734375
0 0.91015625 0.53671875 0.028125 0.075
0 0.9921875 0.5375 0.015625 0.059375
0 0.3828125 0.34140625 0.0359375 0.07734375
0 0.46875 0.24140625 0.0390625 0.08046875
0 0.50390625 0.16171875 0.0421875 0.075
0 0.55078125 0.078125 0.034375 0.06953125