0 0.1328125 0.70546875 0.03828125 0.0921875
0 0.2296875 0.72265625 0.02734375 0.06015625
0 0.28359375 0.47734375 0.025 0.0640625
0 0.30859375 0.65234375 0.034375 0.0828125
0 0.35 0.63359375 0.03046875 0.04140625
0 0.3640625 0.7625 0.0390625 0.07890625
0 0.3953125 0.746875 0.02734375 0.06484375
0 0.39609375 0.284375 0.03046875 0.07109375
0 0.45 0.36875 0.04375 0.06640625
0 0.45078125 0.60625 0.0328125 0.06640625
0 0.46953125 0.69453125 0.02890625 0.0703125
0 0.54453125 0.65390625 0.03671875 0.07890625
0 0.55234375 0.73515625 0.03984375 0.08125
0 0.6015625 0.3375 0.040625 0.109375
0 0.5265625 0.13125 0.03203125 0.06640625
0 0.58046875 0.2078125 0.053125 0.06171875
0 0.821875 0.18515625 0.0375 0.08515625