0 0.05859375 0.35234375 0.08125 0.07890625
0 0.0890625 0.4578125 0.071875 0.06875
0 0.2203125 0.4203125 0.0640625 0.07265625
0 0.315625 0.48203125 0.0671875 0.084375
0 0.334375 0.42890625 0.07265625 0.07734375
0 0.384375 0.4875 0.075 0.05859375
0 0.40703125 0.5734375 0.071875 0.07109375
0 0.47265625 0.50078125 0.0765625 0.0734375
0 0.4640625 0.54765625 0.07109375 0.05390625
0 0.5234375 0.74765625 0.05078125 0.0453125
0 0.63671875 0.57578125 0.0609375 0.04453125
0 0.5765625 0.61328125 0.0609375 0.04921875
0 0.5875 0.64765625 0.05390625 0.03828125
0 0.5703125 0.6796875 0.05546875 0.0390625
0 0.740625 0.6609375 0.06796875 0.06015625
0 0.828125 0.71171875 0.065625 0.04453125
0 0.9484375 0.703125 0.0609375 0.0515625
0 0.89453125 0.85234375 0.04765625 0.040625
0 0.94921875 0.8375 0.05234375 0.040625