0 0.0421875 0.83046875 0.0203125 0.03671875
0 0.08515625 0.9640625 0.01953125 0.02578125
0 0.11328125 0.94375 0.0203125 0.03203125
0 0.140625 0.91796875 0.0234375 0.034375
0 0.13671875 0.99140625 0.0203125 0.01640625
0 0.11171875 0.6921875 0.0265625 0.04921875
0 0.171875 0.75703125 0.0234375 0.0453125
0 0.1625 0.5171875 0.02578125 0.03984375
0 0.2265625 0.5734375 0.0265625 0.05546875
0 0.21875 0.68359375 0.0265625 0.046875
0 0.23125 0.45859375 0.025 0.04296875
0 0.246875 0.3984375 0.028125 0.0515625
0 0.3703125 0.44375 0.0265625 0.0453125
0 0.3734375 0.31484375 0.028125 0.05078125
0 0.49453125 0.35390625 0.0203125 0.034375
0 0.47265625 0.41796875 0.02734375 0.03828125
0 0.51640625 0.39609375 0.0234375 0.03671875
0 0.39765625 0.5640625 0.025 0.0453125
0 0.37578125 0.59375 0.0234375 0.04921875
0 0.36640625 0.62578125 0.02265625 0.0359375
0 0.334375 0.6875 0.025 0.0515625
0 0.30546875 0.68828125 0.02578125 0.0296875
0 0.2921875 0.721875 0.021875 0.03671875
0 0.2796875 0.7984375 0.03046875 0.028125
0 0.28203125 0.83671875 0.02265625 0.040625
0 0.21953125 0.90859375 0.015625 0.028125
0 0.20625 0.9265625 0.02109375 0.03671875
0 0.196875 0.96953125 0.0234375 0.04453125
0 0.21640625 0.98203125 0.01953125 0.0359375
0 0.2640625 0.97265625 0.025 0.03359375
0 0.2484375 0.91328125 0.02265625 0.03671875
0 0.27265625 0.91328125 0.0265625 0.04296875
0 0.346875 0.90234375 0.025 0.0484375
0 0.3375 0.9625 0.01796875 0.0234375
0 0.32890625 0.99609375 0.01171875 0.0078125
0 0.42109375 0.975 0.02578125 0.03203125
0 0.4171875 0.9359375 0.0265625 0.03984375
0 0.47734375 0.98203125 0.0265625 0.0359375
0 0.4765625 0.93359375 0.02890625 0.04921875
0 0.490625 0.9375 0.025 0.04453125
0 0.540625 0.875 0.03125 0.0453125
0 0.5484375 0.9421875 0.028125 0.040625
0 0.57109375 0.9296875 0.02890625 0.0484375
0 0.60625 0.83203125 0.02578125 0.053125
0 0.61875 0.784375 0.03359375 0.0453125
0 0.5640625 0.75390625 0.0234375 0.0296875
0 0.39296875 0.86796875 0.02734375 0.0359375
0 0.3890625 0.8375 0.0265625 0.03203125
0 0.4515625 0.85625 0.02578125 0.03671875
0 0.5015625 0.81796875 0.025 0.03203125
0 0.36875 0.7625 0.02109375 0.0296875
0 0.403125 0.7859375 0.02578125 0.02734375
0 0.43359375 0.77890625 0.025 0.0453125
0 0.471875 0.771875 0.028125 0.0453125
0 0.43359375 0.64921875 0.02265625 0.04296875
0 0.4859375 0.63984375 0.01796875 0.04296875
0 0.49921875 0.68515625 0.02265625 0.04296875
0 0.51015625 0.59609375 0.0234375 0.03359375
0 0.5375 0.628125 0.0265625 0.04453125
0 0.559375 0.68046875 0.02890625 0.0453125
0 0.678125 0.7375 0.02734375 0.046875
0 0.71953125 0.66015625 0.02109375 0.02734375
0 0.740625 0.63515625 0.02578125 0.034375
0 0.7828125 0.678125 0.03359375 0.034375
0 0.8125 0.7328125 0.0265625 0.04453125
0 0.5484375 0.54140625 0.02578125 0.04921875
0 0.625 0.51484375 0.021875 0.04921875
0 0.640625 0.55078125 0.02734375 0.053125
0 0.73359375 0.540625 0.02265625 0.0296875
0 0.79140625 0.62109375 0.0265625 0.03828125
0 0.84921875 0.63984375 0.02734375 0.0484375
0 0.61875 0.65078125 0.025 0.03046875
0 0.58828125 0.6890625 0.0234375 0.0359375
0 0.60859375 0.6828125 0.02578125 0.05078125
0 0.7171875 0.440625 0.02734375 0.04453125
0 0.66640625 0.34921875 0.025 0.02734375
0 0.625 0.303125 0.03046875 0.04453125
0 0.49375 0.1296875 0.021875 0.03203125
0 0.50859375 0.1046875 0.025 0.059375
0 0.55390625 0.12109375 0.02578125 0.03984375
0 0.5875 0.13046875 0.02734375 0.0546875
0 0.6359375 0.10703125 0.02578125 0.03359375
0 0.64375 0.203125 0.03046875 0.053125
0 0.7 0.2859375 0.02734375 0.053125
0 0.76328125 0.3984375 0.028125 0.0640625
0 0.73984375 0.22109375 0.02578125 0.046875
0 0.7390625 0.1359375 0.03046875 0.046875
0 0.74453125 0.053125 0.02734375 0.03671875
0 0.7921875 0.071875 0.0234375 0.04296875
0 0.84296875 0.2 0.02734375 0.06171875
0 0.83125 0.30078125 0.03046875 0.0515625
0 0.83046875 0.37421875 0.02734375 0.0453125
0 0.84453125 0.40546875 0.0234375 0.046875
0 0.825 0.4296875 0.03203125 0.053125
0 0.88203125 0.44921875 0.02578125 0.03203125
0 0.9 0.43046875 0.03046875 0.034375
0 0.91640625 0.39375 0.028125 0.046875
0 0.9734375 0.3796875 0.02890625 0.0453125
0 0.97265625 0.2953125 0.02890625 0.0484375
0 0.94296875 0.23359375 0.0328125 0.05078125
0 0.9796875 0.20859375 0.03359375 0.09609375
0 0.8671875 0.11015625 0.0328125 0.0578125
0 0.86640625 0.18203125 0.03203125 0.06328125
0 0.90546875 0.11328125 0.028125 0.0421875
0 0.92578125 0.04921875 0.03125 0.04921875