0 0.071875 0.50390625 0.028125 0.0359375
0 0.12578125 0.475 0.03125 0.046875
0 0.17109375 0.478125 0.03359375 0.02734375
0 0.20234375 0.44765625 0.02578125 0.028125
0 0.2234375 0.4203125 0.02421875 0.034375
0 0.2640625 0.4171875 0.02890625 0.040625
0 0.2984375 0.44921875 0.02265625 0.02734375
0 0.32578125 0.40703125 0.01953125 0.0328125
0 0.415625 0.40859375 0.03828125 0.0390625
0 0.4109375 0.4640625 0.028125 0.040625
0 0.50703125 0.4453125 0.01875 0.0359375
0 0.5359375 0.43515625 0.028125 0.04140625
0 0.57421875 0.39140625 0.02890625 0.028125
0 0.5640625 0.42578125 0.02421875 0.03671875
0 0.584375 0.45859375 0.0234375 0.028125
0 0.625 0.30859375 0.02421875 0.03203125
0 0.60546875 0.434375 0.02265625 0.02109375
0 0.62890625 0.42109375 0.02109375 0.021875
0 0.63125 0.4515625 0.01640625 0.03046875
0 0.64609375 0.33671875 0.02421875 0.03671875
0 0.6671875 0.34375 0.028125 0.01953125
0 0.6890625 0.3609375 0.0265625 0.021875
0 0.7109375 0.36953125 0.0234375 0.02421875
0 0.72265625 0.39296875 0.0296875 0.0390625
0 0.65 0.44609375 0.02578125 0.03671875
0 0.67109375 0.44609375 0.01640625 0.02578125
0 0.69453125 0.45234375 0.0296875 0.02734375