2 0.22890625 0.93125 0.1375 0.13671875
2 0.46015625 0.92578125 0.1125 0.13359375
2 0.69921875 0.915625 0.1515625 0.1640625
2 0.890625 0.8453125 0.12890625 0.13359375
2 0.30625 0.7421875 0.096875 0.1
2 0.41875 0.7203125 0.08125 0.096875
2 0.04609375 0.78046875 0.08984375 0.18359375
2 0.64375 0.70390625 0.1 0.103125
2 0.725 0.6421875 0.084375 0.10078125
2 0.95546875 0.56015625 0.08828125 0.165625
2 0.8671875 0.4359375 0.1375 0.1421875
2 0.53984375 0.5890625 0.06875 0.08046875
2 0.65703125 0.51875 0.0765625 0.08515625
2 0.34453125 0.596875 0.0765625 0.090625
2 0.421875 0.49765625 0.0734375 0.07890625
2 0.296875 0.5140625 0.0875 0.10625
2 0.509375 0.509375 0.05703125 0.07109375
2 0.57890625 0.45703125 0.075 0.0828125
2 0.034375 0.56953125 0.0671875 0.17578125
2 0.084375 0.4234375 0.16875 0.19375
2 0.1203125 0.28515625 0.1125 0.14140625
2 0.17265625 0.04296875 0.04765625 0.0828125
2 0.28203125 0.228125 0.10078125 0.1125
2 0.421875 0.1015625 0.13125 0.14140625
2 0.3359375 0.3859375 0.07421875 0.08515625
2 0.40234375 0.3203125 0.08203125 0.10234375
2 0.515625 0.228125 0.1171875 0.1375
2 0.59765625 0.30703125 0.0921875 0.1046875
2 0.69609375 0.3671875 0.09296875 0.1046875
2 0.68203125 0.034375 0.02578125 0.06875
2 0.76875 0.23828125 0.1953125 0.2015625
2 0.81328125 0.1078125 0.13046875 0.096875
2 0.95703125 0.1375 0.08515625 0.17890625